Time,1,2,3,4,5,6,7,8,9,10,11,12,13,14
0.0,-0.0184,-0.9053,0.8121,-0.3949,0.0656,0.1741,-0.5115,-0.3646,-0.098,-0.2862,0.2175,0.9372,-1.2982,-1.0846
0.01,-0.0187,-0.8939,0.8129,-0.3919,0.0595,0.1822,-0.5336,-0.3475,-0.0743,-0.3058,0.1992,0.9017,-1.3016,-1.0963
0.02,-0.0191,-0.8826,0.8136,-0.3888,0.0534,0.1902,-0.5555,-0.3307,-0.051,-0.3249,0.1811,0.8658,-1.305,-1.1091
0.03,-0.0196,-0.8712,0.8143,-0.3855,0.0472,0.198,-0.5773,-0.3145,-0.0281,-0.3431,0.1637,0.8286,-1.3082,-1.1221
0.04,-0.0202,-0.8599,0.8147,-0.382,0.0409,0.2056,-0.599,-0.2991,-0.0058,-0.3601,0.1471,0.7889,-1.3113,-1.1342
0.05,-0.021,-0.8486,0.8149,-0.3783,0.0345,0.2129,-0.6205,-0.2849,0.0158,-0.3755,0.1316,0.746,-1.3143,-1.145
0.06,-0.0219,-0.8374,0.8148,-0.3742,0.028,0.2199,-0.6418,-0.2718,0.0366,-0.389,0.1173,0.6993,-1.3172,-1.1537
0.07,-0.023,-0.8261,0.8144,-0.37,0.0214,0.2266,-0.6628,-0.26,0.0567,-0.4004,0.1043,0.6483,-1.3199,-1.1603
0.08,-0.0241,-0.8148,0.8137,-0.3656,0.0149,0.2329,-0.6835,-0.2496,0.076,-0.4097,0.0927,0.5931,-1.3226,-1.1647
0.09,-0.0253,-0.8035,0.8127,-0.3613,0.0086,0.2388,-0.7037,-0.2404,0.0946,-0.4168,0.0825,0.5343,-1.3253,-1.1669
0.1,-0.0265,-0.7921,0.8115,-0.3571,0.0024,0.2443,-0.7233,-0.2323,0.1125,-0.422,0.0739,0.4727,-1.3281,-1.1673
0.11,-0.0276,-0.7807,0.81,-0.3531,-0.0035,0.2494,-0.7421,-0.2253,0.1297,-0.4253,0.067,0.4094,-1.331,-1.1661
0.12,-0.0286,-0.7691,0.8084,-0.3497,-0.0091,0.254,-0.7599,-0.2193,0.1463,-0.427,0.062,0.3462,-1.3342,-1.1638
0.13,-0.0293,-0.7575,0.8067,-0.3468,-0.0142,0.2582,-0.7765,-0.214,0.1622,-0.4276,0.0589,0.2846,-1.3377,-1.1608
0.14,-0.0298,-0.7458,0.8048,-0.3446,-0.0189,0.2617,-0.7917,-0.2095,0.1775,-0.4273,0.0579,0.2265,-1.3417,-1.1575
0.15,-0.03,-0.734,0.8029,-0.3432,-0.0229,0.2647,-0.8054,-0.2055,0.1921,-0.4265,0.0591,0.1738,-1.3459,-1.1542
0.16,-0.0298,-0.722,0.801,-0.3428,-0.0263,0.2672,-0.8173,-0.2022,0.2062,-0.4256,0.0625,0.128,-1.3505,-1.1513
0.17,-0.0293,-0.7098,0.7991,-0.3434,-0.029,0.269,-0.8273,-0.1993,0.2196,-0.4248,0.0681,0.0904,-1.3552,-1.1489
0.18,-0.0284,-0.6975,0.7973,-0.3449,-0.0309,0.2702,-0.8354,-0.197,0.2325,-0.4243,0.0761,0.0621,-1.3597,-1.1472
0.19,-0.0271,-0.6849,0.7955,-0.3473,-0.032,0.2708,-0.8416,-0.1952,0.2449,-0.4244,0.0863,0.0435,-1.3637,-1.146
0.2,-0.0255,-0.6721,0.7938,-0.3506,-0.032,0.2709,-0.8457,-0.1939,0.2568,-0.425,0.0988,0.0347,-1.3666,-1.145
0.21,-0.0235,-0.6591,0.7922,-0.3548,-0.0311,0.2705,-0.848,-0.1932,0.2681,-0.4261,0.1136,0.0353,-1.368,-1.144
0.22,-0.0211,-0.6458,0.7907,-0.3595,-0.0289,0.2697,-0.8486,-0.193,0.2785,-0.4275,0.1308,0.0446,-1.3672,-1.1425
0.23,-0.0184,-0.6322,0.7893,-0.3648,-0.0256,0.2684,-0.8475,-0.1934,0.288,-0.4289,0.1506,0.0613,-1.3634,-1.1399
0.24,-0.0154,-0.6184,0.7879,-0.3704,-0.0209,0.2668,-0.8449,-0.1944,0.2961,-0.4301,0.1734,0.0839,-1.3559,-1.1361
0.25,-0.0122,-0.6044,0.7867,-0.3762,-0.015,0.2648,-0.841,-0.196,0.3024,-0.4308,0.1996,0.111,-1.3439,-1.1307
0.26,-0.0088,-0.5901,0.7856,-0.3819,-0.0078,0.2623,-0.8358,-0.1982,0.3064,-0.4307,0.2296,0.141,-1.3264,-1.1239
0.27,-0.0055,-0.5757,0.7846,-0.3874,0.0007,0.2595,-0.8296,-0.2009,0.3077,-0.4296,0.2639,0.1722,-1.3028,-1.1162
0.28,-0.0021,-0.5611,0.7837,-0.3926,0.0104,0.2561,-0.8223,-0.2042,0.3057,-0.4274,0.3027,0.2035,-1.2722,-1.1084
0.29,0.0011,-0.5465,0.783,-0.3974,0.0212,0.2521,-0.814,-0.208,0.3,-0.4238,0.3464,0.2338,-1.2341,-1.1016
0.3,0.0041,-0.5318,0.7825,-0.4016,0.0328,0.2474,-0.8048,-0.2125,0.2904,-0.419,0.3948,0.2622,-1.1886,-1.0966
0.31,0.0069,-0.5173,0.7821,-0.4053,0.0453,0.242,-0.7946,-0.2177,0.2767,-0.4127,0.4476,0.2883,-1.1361,-1.0945
0.32,0.0092,-0.5028,0.7819,-0.4084,0.0582,0.2357,-0.7836,-0.2236,0.2591,-0.4051,0.5042,0.3115,-1.0782,-1.0959
0.33,0.0112,-0.4885,0.7819,-0.411,0.0716,0.2286,-0.7716,-0.2304,0.2377,-0.3962,0.5635,0.3317,-1.0171,-1.1009
0.34,0.0128,-0.4745,0.7821,-0.413,0.0851,0.2206,-0.7589,-0.238,0.213,-0.386,0.6244,0.3485,-0.9562,-1.1095
0.35,0.0139,-0.4608,0.7824,-0.4147,0.0986,0.2116,-0.7455,-0.2465,0.1856,-0.3744,0.6853,0.362,-0.8987,-1.1213
0.36,0.0146,-0.4474,0.7829,-0.4159,0.112,0.2018,-0.7315,-0.256,0.156,-0.3616,0.7448,0.3719,-0.8479,-1.1355
0.37,0.0148,-0.4344,0.7836,-0.4167,0.125,0.1911,-0.7169,-0.2665,0.1248,-0.3476,0.8011,0.3782,-0.8062,-1.1513
0.38,0.0146,-0.4217,0.7844,-0.4172,0.1377,0.1797,-0.7021,-0.2778,0.0926,-0.3323,0.8531,0.381,-0.775,-1.1677
0.39,0.0141,-0.4093,0.7854,-0.4174,0.1498,0.1676,-0.687,-0.29,0.0598,-0.316,0.8995,0.3804,-0.7552,-1.1838
0.4,0.0132,-0.3972,0.7866,-0.4171,0.1615,0.155,-0.6719,-0.3029,0.027,-0.2987,0.9395,0.3765,-0.7469,-1.199
0.41,0.0119,-0.3855,0.7879,-0.4164,0.1727,0.142,-0.6567,-0.3166,-0.0057,-0.2805,0.9724,0.3698,-0.7498,-1.2126
0.42,0.0105,-0.3739,0.7894,-0.4153,0.1835,0.1288,-0.6418,-0.3308,-0.038,-0.2615,0.9982,0.3604,-0.7635,-1.2243
0.43,0.0089,-0.3626,0.791,-0.4137,0.1937,0.1155,-0.627,-0.3457,-0.0698,-0.242,1.0166,0.3488,-0.7873,-1.2339
0.44,0.0071,-0.3515,0.7927,-0.4116,0.2036,0.1022,-0.6126,-0.3613,-0.101,-0.2219,1.0281,0.3355,-0.82,-1.2415
0.45,0.0052,-0.3404,0.7944,-0.409,0.2132,0.0891,-0.5985,-0.3774,-0.1316,-0.2016,1.0329,0.3209,-0.86,-1.2473
0.46,0.0033,-0.3294,0.7962,-0.4058,0.2223,0.0764,-0.5847,-0.3941,-0.1616,-0.181,1.0315,0.3053,-0.9052,-1.2516
0.47,0.0013,-0.3185,0.798,-0.4021,0.2311,0.0639,-0.5713,-0.4115,-0.1909,-0.1605,1.0244,0.2891,-0.953,-1.2547
0.48,-0.0008,-0.3077,0.7998,-0.3979,0.2395,0.0519,-0.5582,-0.4296,-0.2194,-0.14,1.0119,0.2728,-1.0006,-1.257
0.49,-0.0028,-0.2969,0.8014,-0.3932,0.2474,0.0403,-0.5454,-0.4482,-0.247,-0.1197,0.9945,0.2564,-1.0456,-1.2588
0.5,-0.0049,-0.2861,0.8029,-0.3881,0.2548,0.0291,-0.5328,-0.4675,-0.2735,-0.0997,0.9723,0.2403,-1.0858,-1.2604
0.51,-0.007,-0.2754,0.8042,-0.3825,0.2616,0.0183,-0.5206,-0.4873,-0.2988,-0.0801,0.9456,0.2246,-1.1199,-1.2619
0.52,-0.0091,-0.2647,0.8053,-0.3765,0.2677,0.0078,-0.5087,-0.5076,-0.3226,-0.0609,0.9143,0.2095,-1.1474,-1.2636
0.53,-0.0113,-0.2541,0.8062,-0.3702,0.2733,-0.0023,-0.4971,-0.5283,-0.3447,-0.0421,0.8784,0.1949,-1.1683,-1.2654
0.54,-0.0135,-0.2434,0.8068,-0.3637,0.2781,-0.0121,-0.486,-0.5494,-0.3647,-0.0238,0.8381,0.181,-1.183,-1.2675
0.55,-0.0157,-0.2329,0.8071,-0.357,0.2823,-0.0216,-0.4753,-0.5708,-0.3827,-0.0057,0.7932,0.1678,-1.1924,-1.2697
0.56,-0.0179,-0.2223,0.8072,-0.3501,0.2858,-0.0309,-0.4652,-0.5923,-0.3983,0.012,0.744,0.1551,-1.1974,-1.2721
0.57,-0.02,-0.2118,0.807,-0.3432,0.2886,-0.0398,-0.4556,-0.6139,-0.4115,0.0295,0.6906,0.1431,-1.199,-1.2746
0.58,-0.0221,-0.2012,0.8065,-0.3363,0.2909,-0.0485,-0.4466,-0.6353,-0.4223,0.0469,0.6336,0.1316,-1.1981,-1.2772
0.59,-0.024,-0.1906,0.8058,-0.3295,0.2925,-0.0568,-0.4384,-0.6566,-0.4307,0.0642,0.5735,0.1208,-1.1956,-1.2799
0.6,-0.0258,-0.1799,0.8048,-0.3229,0.2936,-0.0647,-0.4308,-0.6774,-0.437,0.0814,0.5112,0.1107,-1.1921,-1.2827
0.61,-0.0275,-0.1692,0.8036,-0.3164,0.2941,-0.0721,-0.4239,-0.6978,-0.4414,0.0985,0.4476,0.1014,-1.1882,-1.2855
0.62,-0.029,-0.1584,0.8023,-0.3101,0.294,-0.0791,-0.4178,-0.7175,-0.4442,0.1155,0.384,0.093,-1.1845,-1.2886
0.63,-0.0303,-0.1476,0.8007,-0.304,0.2933,-0.0856,-0.4124,-0.7365,-0.4456,0.1322,0.3217,0.0858,-1.1812,-1.2917
0.64,-0.0314,-0.1366,0.7991,-0.2982,0.2921,-0.0915,-0.4077,-0.7545,-0.4461,0.1486,0.262,0.0799,-1.1785,-1.2951
0.65,-0.0323,-0.1256,0.7973,-0.2926,0.2904,-0.0967,-0.4037,-0.7715,-0.4459,0.1646,0.2064,0.0754,-1.1765,-1.2988
0.66,-0.033,-0.1144,0.7954,-0.2873,0.2881,-0.1012,-0.4004,-0.7875,-0.4453,0.1801,0.1562,0.0727,-1.1753,-1.3026
0.67,-0.0336,-0.1031,0.7935,-0.2822,0.2852,-0.1048,-0.3978,-0.8022,-0.4446,0.1952,0.1125,0.0717,-1.1747,-1.3065
0.68,-0.0339,-0.0917,0.7916,-0.2773,0.2819,-0.1074,-0.3959,-0.8156,-0.4438,0.2096,0.0762,0.0726,-1.1747,-1.3104
0.69,-0.0341,-0.08,0.7897,-0.2725,0.2781,-0.109,-0.3948,-0.8276,-0.4433,0.2235,0.0478,0.0755,-1.1748,-1.3138
0.7,-0.0341,-0.0682,0.7879,-0.268,0.274,-0.1094,-0.3943,-0.8383,-0.4428,0.2368,0.0278,0.0805,-1.1749,-1.3166
0.71,-0.0338,-0.0562,0.7862,-0.2636,0.2695,-0.1085,-0.3946,-0.8475,-0.4426,0.2495,0.0162,0.0875,-1.1745,-1.3181
0.72,-0.0333,-0.0439,0.7847,-0.2593,0.2647,-0.1062,-0.3954,-0.8551,-0.4425,0.2615,0.0125,0.0968,-1.173,-1.3179
0.73,-0.0326,-0.0313,0.7832,-0.2551,0.2597,-0.1026,-0.3967,-0.861,-0.4424,0.2726,0.0163,0.1085,-1.17,-1.3154
0.74,-0.0317,-0.0185,0.782,-0.251,0.2544,-0.0975,-0.3983,-0.8653,-0.4424,0.2825,0.0267,0.1229,-1.1649,-1.3098
0.75,-0.0306,-0.0055,0.7809,-0.2469,0.249,-0.0911,-0.4002,-0.8677,-0.4422,0.2909,0.0426,0.1404,-1.1576,-1.3005
0.76,-0.0294,0.0078,0.78,-0.2429,0.2432,-0.0833,-0.4022,-0.8681,-0.4419,0.2973,0.0631,0.1614,-1.148,-1.2868
0.77,-0.0282,0.0213,0.7793,-0.2389,0.2371,-0.0744,-0.404,-0.8663,-0.4414,0.3012,0.0868,0.1864,-1.1364,-1.2681
0.78,-0.0269,0.0349,0.7789,-0.2348,0.2306,-0.0645,-0.4057,-0.8624,-0.4405,0.3021,0.1126,0.2159,-1.1235,-1.2439
0.79,-0.0257,0.0485,0.7786,-0.2308,0.2236,-0.0538,-0.4072,-0.856,-0.4393,0.2994,0.1396,0.2504,-1.1104,-1.2139
0.8,-0.0247,0.0622,0.7785,-0.2268,0.2161,-0.0425,-0.4084,-0.8471,-0.4377,0.2928,0.1668,0.2899,-1.0983,-1.178
0.81,-0.0238,0.0758,0.7786,-0.2229,0.2079,-0.0308,-0.4094,-0.8357,-0.4355,0.282,0.1934,0.3347,-1.0884,-1.1365
0.82,-0.0231,0.0893,0.7789,-0.2189,0.199,-0.019,-0.4103,-0.8217,-0.4326,0.2668,0.2186,0.3844,-1.0816,-1.0904
0.83,-0.0226,0.1026,0.7794,-0.2152,0.1893,-0.0073,-0.4114,-0.8051,-0.4288,0.2475,0.2419,0.4385,-1.0787,-1.0412
0.84,-0.0224,0.1156,0.78,-0.2116,0.179,0.0042,-0.4128,-0.7862,-0.424,0.2243,0.2627,0.4961,-1.08,-0.9911
0.85,-0.0224,0.1285,0.7807,-0.2083,0.168,0.0154,-0.4148,-0.765,-0.4177,0.1976,0.2805,0.5562,-1.0854,-0.9424
0.86,-0.0226,0.1411,0.7816,-0.2052,0.1563,0.0262,-0.4175,-0.7418,-0.4099,0.1682,0.2949,0.6176,-1.0944,-0.8979
0.87,-0.0229,0.1534,0.7826,-0.2025,0.1442,0.0365,-0.4213,-0.7169,-0.4004,0.1367,0.3058,0.6786,-1.1064,-0.8598
0.88,-0.0233,0.1655,0.7837,-0.2002,0.1316,0.0464,-0.4261,-0.6907,-0.3891,0.1037,0.3129,0.7381,-1.1207,-0.8296
0.89,-0.0239,0.1774,0.785,-0.1981,0.1188,0.0557,-0.4323,-0.6633,-0.3759,0.0699,0.3163,0.7945,-1.1362,-0.8085
0.9,-0.0246,0.189,0.7864,-0.1963,0.1058,0.0647,-0.4397,-0.6353,-0.3611,0.0356,0.3163,0.8468,-1.1522,-0.7967
0.91,-0.0253,0.2003,0.788,-0.1947,0.0927,0.0733,-0.4484,-0.6068,-0.3449,0.0014,0.3131,0.894,-1.1678,-0.7939
0.92,-0.0262,0.2115,0.7896,-0.1933,0.0796,0.0816,-0.4584,-0.5782,-0.3274,-0.0325,0.3072,0.9355,-1.1826,-0.7993
0.93,-0.0271,0.2226,0.7914,-0.1918,0.0667,0.0897,-0.4694,-0.5498,-0.3091,-0.066,0.2991,0.9707,-1.196,-0.8121
0.94,-0.0281,0.2334,0.7933,-0.1904,0.054,0.0977,-0.4814,-0.5219,-0.2901,-0.099,0.2894,0.9997,-1.208,-0.8307
0.95,-0.0292,0.2441,0.7953,-0.1889,0.0416,0.1058,-0.4943,-0.4946,-0.2707,-0.1313,0.2784,1.0223,-1.2184,-0.8539
0.96,-0.0303,0.2548,0.7973,-0.1874,0.0297,0.114,-0.5078,-0.4683,-0.2512,-0.1628,0.2666,1.0388,-1.2273,-0.88
0.97,-0.0314,0.2654,0.7993,-0.1858,0.0182,0.1223,-0.5219,-0.443,-0.2314,-0.1935,0.2542,1.0492,-1.235,-0.9074
0.98,-0.0324,0.2759,0.8014,-0.1842,0.0073,0.131,-0.5363,-0.419,-0.2115,-0.2232,0.2414,1.0537,-1.2417,-0.9348
0.99,-0.0334,0.2865,0.8033,-0.1826,-0.003,0.1399,-0.551,-0.3963,-0.1915,-0.2517,0.2282,1.0527,-1.2476,-0.961
1.0,-0.0342,0.2971,0.8051,-0.1811,-0.0127,0.1492,-0.5659,-0.3751,-0.1712,-0.2787,0.2146,1.0461,-1.2531,-0.9851
1.01,-0.0348,0.3078,0.8068,-0.1797,-0.0218,0.1588,-0.5809,-0.3554,-0.1505,-0.3041,0.2007,1.034,-1.2582,-1.0065
1.02,-0.0353,0.3185,0.8083,-0.1783,-0.0304,0.1687,-0.596,-0.3371,-0.1296,-0.3276,0.1864,1.0166,-1.2633,-1.0253
1.03,-0.0356,0.3293,0.8096,-0.1771,-0.0383,0.1788,-0.6109,-0.3204,-0.1083,-0.349,0.1718,0.9937,-1.2684,-1.0413
1.04,-0.0357,0.3402,0.8106,-0.1761,-0.0458,0.1891,-0.6257,-0.3051,-0.0867,-0.3681,0.1569,0.9655,-1.2737,-1.0549
1.05,-0.0357,0.3511,0.8114,-0.1752,-0.0529,0.1994,-0.6403,-0.2911,-0.0649,-0.3848,0.142,0.9318,-1.279,-1.0664
1.06,-0.0355,0.3622,0.8119,-0.1744,-0.0596,0.2097,-0.6545,-0.2784,-0.0429,-0.3989,0.1271,0.8929,-1.2845,-1.0761
1.07,-0.0353,0.3732,0.812,-0.1736,-0.0661,0.2198,-0.6683,-0.2667,-0.0209,-0.4105,0.1124,0.8488,-1.2901,-1.0842
1.08,-0.0351,0.3843,0.8119,-0.173,-0.0724,0.2296,-0.6816,-0.2561,0.0009,-0.4196,0.0981,0.7997,-1.2957,-1.091
1.09,-0.0348,0.3954,0.8114,-0.1725,-0.0785,0.2391,-0.6943,-0.2464,0.0225,-0.4262,0.0844,0.746,-1.3014,-1.0965
1.1,-0.0346,0.4065,0.8107,-0.172,-0.0845,0.2481,-0.7062,-0.2375,0.0437,-0.4305,0.0714,0.6882,-1.3071,-1.101
1.11,-0.0343,0.4176,0.8097,-0.1716,-0.0903,0.2566,-0.7174,-0.2294,0.0646,-0.4327,0.0594,0.6268,-1.3129,-1.1044
1.12,-0.034,0.4287,0.8084,-0.1713,-0.0961,0.2644,-0.7278,-0.2218,0.0849,-0.4331,0.0484,0.5628,-1.3187,-1.1069
1.13,-0.0338,0.4398,0.8069,-0.1712,-0.1016,0.2716,-0.7374,-0.2149,0.1046,-0.4319,0.0387,0.497,-1.3246,-1.1084
1.14,-0.0335,0.451,0.8051,-0.1711,-0.1069,0.2781,-0.7461,-0.2085,0.1237,-0.4295,0.0305,0.4307,-1.3308,-1.1092
1.15,-0.0333,0.4622,0.8032,-0.1712,-0.1119,0.2838,-0.7538,-0.2025,0.142,-0.4264,0.0239,0.3651,-1.3374,-1.1093
1.16,-0.033,0.4734,0.8012,-0.1713,-0.1165,0.2886,-0.7606,-0.197,0.1595,-0.4228,0.0191,0.3017,-1.3444,-1.1089
1.17,-0.0328,0.4847,0.799,-0.1715,-0.1206,0.2926,-0.7664,-0.1919,0.1761,-0.4191,0.0162,0.2419,-1.3519,-1.1082
1.18,-0.0326,0.496,0.7968,-0.1717,-0.1243,0.2957,-0.7711,-0.1872,0.1918,-0.4157,0.0153,0.1872,-1.3599,-1.1073
1.19,-0.0324,0.5074,0.7946,-0.1718,-0.1272,0.298,-0.7748,-0.183,0.2065,-0.4129,0.0165,0.1388,-1.3685,-1.1063
1.2,-0.0322,0.5189,0.7924,-0.1717,-0.1294,0.2993,-0.7773,-0.1792,0.2203,-0.4109,0.0198,0.0978,-1.3773,-1.1053
1.21,-0.0321,0.5306,0.7902,-0.1713,-0.1308,0.2998,-0.7787,-0.176,0.233,-0.4099,0.0252,0.0651,-1.3863,-1.1041
1.22,-0.0321,0.5423,0.7882,-0.1705,-0.1313,0.2996,-0.7789,-0.1733,0.2449,-0.41,0.0327,0.0413,-1.3949,-1.1026
1.23,-0.0322,0.5542,0.7863,-0.1692,-0.1307,0.2985,-0.7779,-0.1714,0.2557,-0.4111,0.0422,0.0266,-1.4028,-1.1008
1.24,-0.0323,0.5662,0.7845,-0.1674,-0.1289,0.2969,-0.7756,-0.1702,0.2655,-0.4134,0.0539,0.021,-1.4093,-1.0982
1.25,-0.0325,0.5785,0.7829,-0.165,-0.126,0.2946,-0.7721,-0.1698,0.2743,-0.4166,0.0678,0.024,-1.4137,-1.0949
1.26,-0.0327,0.5909,0.7816,-0.1619,-0.1218,0.2918,-0.7672,-0.1704,0.2819,-0.4205,0.0841,0.035,-1.4153,-1.0906
1.27,-0.0331,0.6036,0.7804,-0.1582,-0.1164,0.2885,-0.7611,-0.1718,0.288,-0.4249,0.103,0.053,-1.4133,-1.0854
1.28,-0.0335,0.6164,0.7795,-0.1538,-0.1096,0.2848,-0.7536,-0.1742,0.2924,-0.4295,0.1249,0.0769,-1.4068,-1.0795
1.29,-0.0339,0.6294,0.7789,-0.1488,-0.1016,0.2806,-0.7449,-0.1776,0.2948,-0.4339,0.1502,0.1051,-1.3953,-1.0734
1.3,-0.0344,0.6427,0.7785,-0.1433,-0.0925,0.276,-0.7348,-0.1819,0.2947,-0.4379,0.1792,0.1363,-1.3779,-1.0676
1.31,-0.035,0.656,0.7784,-0.1373,-0.0822,0.271,-0.7234,-0.1871,0.2918,-0.4411,0.2123,0.1689,-1.3542,-1.063
1.32,-0.0356,0.6695,0.7784,-0.1309,-0.0709,0.2654,-0.7108,-0.1933,0.2858,-0.4431,0.2499,0.2014,-1.3238,-1.0602
1.33,-0.0363,0.6831,0.7787,-0.1243,-0.0589,0.2593,-0.697,-0.2005,0.2764,-0.4436,0.2922,0.2326,-1.2865,-1.0599
1.34,-0.037,0.6966,0.779,-0.1176,-0.0461,0.2527,-0.682,-0.2085,0.2634,-0.4423,0.3391,0.2613,-1.2425,-1.0626
1.35,-0.0378,0.7102,0.7795,-0.1108,-0.0329,0.2455,-0.666,-0.2175,0.2467,-0.439,0.3904,0.2866,-1.1925,-1.0683
1.36,-0.0386,0.7237,0.7801,-0.1041,-0.0193,0.2377,-0.649,-0.2274,0.2266,-0.4336,0.4458,0.3079,-1.1377,-1.0772
1.37,-0.0394,0.7371,0.7806,-0.0976,-0.0056,0.2293,-0.6311,-0.2383,0.2032,-0.4259,0.5044,0.3248,-1.08,-1.0887
1.38,-0.0403,0.7503,0.7812,-0.0913,0.0081,0.2203,-0.6125,-0.2501,0.1769,-0.4161,0.5654,0.3373,-1.0219,-1.1025
1.39,-0.0412,0.7634,0.7818,-0.0853,0.0216,0.2108,-0.5933,-0.2629,0.1482,-0.4043,0.6277,0.3455,-0.9658,-1.118
1.4,-0.042,0.7762,0.7824,-0.0796,0.0349,0.2008,-0.5735,-0.2767,0.1175,-0.3907,0.69,0.3498,-0.9144,-1.1345
1.41,-0.043,0.7888,0.7831,-0.0742,0.0478,0.1903,-0.5535,-0.2915,0.0853,-0.3755,0.7511,0.3507,-0.8698,-1.1513
1.42,-0.0439,0.8012,0.7838,-0.0692,0.0603,0.1795,-0.5332,-0.3072,0.0522,-0.3591,0.8097,0.3487,-0.8335,-1.1679
1.43,-0.0448,0.8134,0.7845,-0.0645,0.0724,0.1683,-0.5128,-0.324,0.0185,-0.3416,0.8648,0.3443,-0.8063,-1.1838
1.44,-0.0457,0.8254,0.7854,-0.0601,0.084,0.157,-0.4925,-0.3418,-0.0154,-0.3235,0.9154,0.3381,-0.7887,-1.1985
1.45,-0.0467,0.8372,0.7864,-0.0561,0.0951,0.1456,-0.4725,-0.3606,-0.0492,-0.3047,0.9608,0.3304,-0.7806,-1.2118
1.46,-0.0476,0.8489,0.7876,-0.0524,0.1059,0.1342,-0.4528,-0.3802,-0.0828,-0.2856,1.0005,0.3215,-0.7815,-1.2236
1.47,-0.0484,0.8604,0.7889,-0.049,0.1162,0.1229,-0.4336,-0.4006,-0.1159,-0.266,1.0341,0.3116,-0.791,-1.2338
1.48,-0.0492,0.8718,0.7903,-0.0459,0.1263,0.1118,-0.4151,-0.4218,-0.1486,-0.246,1.0616,0.3008,-0.808,-1.2424
1.49,-0.0499,0.8832,0.7918,-0.0431,0.1362,0.1009,-0.3974,-0.4434,-0.1807,-0.2255,1.083,0.2891,-0.8316,-1.2495
1.5,-0.0505,0.8945,0.7934,-0.0406,0.1458,0.0903,-0.3807,-0.4654,-0.2122,-0.2047,1.0983,0.2764,-0.8606,-1.2554
1.51,-0.0509,0.9058,0.795,-0.0383,0.1552,0.08,-0.365,-0.4876,-0.243,-0.1833,1.1076,0.2629,-0.8934,-1.26
1.52,-0.0513,0.9171,0.7966,-0.0364,0.1644,0.07,-0.3506,-0.5099,-0.273,-0.1616,1.1111,0.2487,-0.9285,-1.2637
1.53,-0.0515,0.9284,0.7982,-0.0346,0.1734,0.0602,-0.3375,-0.5319,-0.3021,-0.1395,1.1089,0.2337,-0.9642,-1.2665
1.54,-0.0517,0.9397,0.7996,-0.033,0.1823,0.0507,-0.3257,-0.5537,-0.3301,-0.1171,1.1011,0.2183,-0.9993,-1.2687
1.55,-0.0518,0.9509,0.8008,-0.0316,0.1908,0.0414,-0.3152,-0.575,-0.3568,-0.0947,1.0877,0.2026,-1.0323,-1.2703
1.56,-0.0519,0.9621,0.8019,-0.0302,0.1991,0.0323,-0.3062,-0.5959,-0.3819,-0.0723,1.0687,0.1869,-1.0623,-1.2714
1.57,-0.0519,0.9733,0.8027,-0.0289,0.207,0.0232,-0.2985,-0.6161,-0.4054,-0.0502,1.044,0.1715,-1.0888,-1.2722
1.58,-0.052,0.9844,0.8032,-0.0276,0.2144,0.0142,-0.2921,-0.6358,-0.4269,-0.0284,1.0136,0.1566,-1.1113,-1.2728
1.59,-0.0521,0.9955,0.8035,-0.0263,0.2215,0.0053,-0.287,-0.6547,-0.4462,-0.007,0.9774,0.1424,-1.1296,-1.2732
1.6,-0.0522,1.0065,0.8035,-0.025,0.228,-0.0037,-0.2831,-0.6729,-0.463,0.0137,0.9354,0.1291,-1.1436,-1.2734
1.61,-0.0524,1.0174,0.8033,-0.0237,0.2339,-0.0126,-0.2802,-0.6904,-0.4774,0.0339,0.8877,0.1168,-1.1536,-1.2735
1.62,-0.0526,1.0283,0.8027,-0.0223,0.2393,-0.0216,-0.2782,-0.7071,-0.489,0.0535,0.8344,0.1056,-1.1597,-1.2737
1.63,-0.0529,1.0392,0.802,-0.0209,0.2441,-0.0304,-0.2771,-0.723,-0.4979,0.0726,0.7759,0.0955,-1.1623,-1.2738
1.64,-0.0531,1.0501,0.801,-0.0196,0.2483,-0.0392,-0.2767,-0.738,-0.5041,0.0911,0.7127,0.0865,-1.1617,-1.274
1.65,-0.0532,1.061,0.7999,-0.0182,0.2518,-0.0477,-0.2769,-0.7521,-0.5076,0.1092,0.6454,0.0786,-1.1586,-1.2743
1.66,-0.0532,1.0719,0.7986,-0.0169,0.2548,-0.056,-0.2776,-0.7652,-0.5087,0.1269,0.5752,0.0718,-1.1537,-1.2747
1.67,-0.0531,1.083,0.7971,-0.0157,0.2571,-0.0638,-0.2786,-0.7773,-0.5076,0.1444,0.5031,0.0662,-1.1478,-1.2751
1.68,-0.0527,1.0942,0.7956,-0.0145,0.2588,-0.071,-0.2798,-0.7883,-0.5047,0.1616,0.4308,0.0618,-1.1416,-1.2754
1.69,-0.0522,1.1056,0.794,-0.0133,0.2599,-0.0776,-0.2812,-0.7982,-0.5004,0.1787,0.3599,0.0585,-1.1362,-1.2756
1.7,-0.0514,1.1173,0.7923,-0.0121,0.2603,-0.0834,-0.2826,-0.8069,-0.495,0.1956,0.2922,0.0566,-1.132,-1.2755
1.71,-0.0504,1.1291,0.7907,-0.0109,0.2602,-0.0883,-0.2839,-0.8144,-0.4891,0.2123,0.2295,0.056,-1.1297,-1.2748
1.72,-0.0491,1.1413,0.789,-0.0097,0.2594,-0.0922,-0.2851,-0.8206,-0.483,0.2288,0.1735,0.057,-1.1294,-1.2735
1.73,-0.0475,1.1537,0.7873,-0.0085,0.2582,-0.095,-0.2861,-0.8253,-0.4771,0.2451,0.1256,0.0596,-1.1309,-1.2711
1.74,-0.0458,1.1663,0.7857,-0.0071,0.2564,-0.0967,-0.2869,-0.8286,-0.4716,0.261,0.0868,0.0641,-1.1341,-1.2676
1.75,-0.0438,1.1793,0.7842,-0.0057,0.2543,-0.0973,-0.2877,-0.8303,-0.4668,0.2762,0.0578,0.0709,-1.1383,-1.2626
1.76,-0.0416,1.1925,0.7827,-0.0043,0.2517,-0.0968,-0.2885,-0.8304,-0.4627,0.2907,0.0388,0.0801,-1.1428,-1.256
1.77,-0.0392,1.2059,0.7812,-0.0028,0.2489,-0.0951,-0.2893,-0.8287,-0.4593,0.304,0.0296,0.0921,-1.1469,-1.2475
1.78,-0.0366,1.2196,0.7799,-0.0012,0.2459,-0.0924,-0.2902,-0.8251,-0.4566,0.3159,0.0296,0.1072,-1.1499,-1.2369
1.79,-0.0338,1.2334,0.7786,0.0003,0.2426,-0.0888,-0.2915,-0.8197,-0.4544,0.326,0.0377,0.1258,-1.1512,-1.224
1.8,-0.0309,1.2473,0.7774,0.0019,0.2392,-0.0843,-0.2931,-0.8123,-0.4525,0.3337,0.0527,0.1481,-1.1503,-1.2083
1.81,-0.028,1.2613,0.7764,0.0035,0.2357,-0.079,-0.2951,-0.8028,-0.4508,0.3387,0.0733,0.1744,-1.1472,-1.1896
1.82,-0.0251,1.2753,0.7755,0.005,0.2319,-0.0731,-0.2976,-0.7912,-0.4489,0.3406,0.0979,0.2048,-1.1421,-1.1675
1.83,-0.0221,1.2893,0.7748,0.0066,0.2279,-0.0667,-0.3007,-0.7774,-0.4468,0.339,0.1251,0.2394,-1.1357,-1.1415
1.84,-0.0193,1.3033,0.7743,0.0081,0.2234,-0.0598,-0.3044,-0.7613,-0.4441,0.3336,0.1536,0.2784,-1.1289,-1.1113
1.85,-0.0165,1.3173,0.774,0.0096,0.2185,-0.0526,-0.3086,-0.7429,-0.4407,0.3241,0.1823,0.3217,-1.123,-1.0765
1.86,-0.014,1.3314,0.774,0.0111,0.213,-0.0451,-0.3133,-0.7222,-0.4365,0.3107,0.2106,0.3693,-1.119,-1.0369
1.87,-0.0116,1.3455,0.7743,0.0126,0.2068,-0.0374,-0.3186,-0.6993,-0.4314,0.2935,0.238,0.421,-1.1179,-0.9923
1.88,-0.0093,1.3598,0.7748,0.014,0.2,-0.0295,-0.3243,-0.6743,-0.4253,0.2728,0.2642,0.4766,-1.1203,-0.9431
1.89,-0.0071,1.3743,0.7755,0.0155,0.1926,-0.0214,-0.3303,-0.6476,-0.4184,0.2492,0.2894,0.5355,-1.1263,-0.8901
1.9,-0.0051,1.389,0.7764,0.0169,0.1846,-0.0131,-0.3366,-0.6194,-0.4107,0.2234,0.3137,0.5971,-1.1356,-0.8348
1.91,-0.0031,1.404,0.7774,0.0184,0.1762,-0.0047,-0.3431,-0.5904,-0.4025,0.1963,0.3373,0.6605,-1.1473,-0.7792
1.92,-0.0011,1.4192,0.7785,0.0198,0.1676,0.0038,-0.3496,-0.5611,-0.394,0.1688,0.3604,0.7246,-1.1606,-0.7257
